 -2.500000000000000E-002  0.00000000000000e+00
 -2.400000000000000E-002  0.00000000000000e+00
 -2.300000000000000E-002  0.00000000000000e+00
 -2.200000000000000E-002  0.00000000000000e+00
 -2.100000000000000E-002  0.00000000000000e+00
 -2.000000000000000E-002  0.00000000000000e+00
 -1.900000000000000E-002  0.00000000000000e+00
 -1.800000000000000E-002  0.00000000000000e+00
 -1.700000000000000E-002  0.00000000000000e+00
 -1.600000000000000E-002  6.34615225680404e-01
 -1.500000000000000E-002  2.37613081431660e+00
 -1.400000000000000E-002  2.96678505138379e+00
 -1.300000000000000E-002  1.44441534439614e+00
 -1.200000000000000E-002  1.82185051958560e+00
 -1.100000000000000E-002  1.99642257640479e+00
 -1.000000000000000E-002  2.55695067188309e+00
 -9.000000000000001E-003  1.95482984149081e+00
 -8.000000000000000E-003  9.95477640855614e-01
 -6.999999999999999E-003  4.05232314003152e-01
 -6.000000000000002E-003  4.85814935022863e-01
 -5.000000000000001E-003  1.16053282902852e+00
 -4.000000000000000E-003  8.06928315298274e-01
 -3.000000000000003E-003  1.35042421111710e+00
 -2.000000000000002E-003  6.18697095332509e-02
 -1.000000000000001E-003  1.87838329883982e-02
  0.000000000000000E+000  8.34515554850792e-01
  1.000000000000001E-003  1.07745854983660e+00
  1.999999999999998E-003  5.01669080464758e-01
  2.999999999999999E-003  1.15327337876875e+00
  4.000000000000000E-003  7.33915780394722e-01
  4.999999999999998E-003  7.09787692495244e-01
  5.999999999999998E-003  1.39148620063457e+00
  6.999999999999999E-003  9.16084062403095e-01
  8.000000000000000E-003  1.44229818598653e+00
  9.000000000000001E-003  4.31987635978243e-01
  1.000000000000000E-002  9.50216753785751e-01
  1.100000000000000E-002  1.23289648794144e+00
  1.200000000000000E-002  2.30545180133344e+00
  1.300000000000000E-002  2.32826468734582e+00
  1.400000000000000E-002  2.72174067847430e+00
  1.500000000000000E-002  1.36480695169788e+00
  1.600000000000000E-002  2.05662349127561e+00
  1.700000000000000E-002  7.97391933440542e-02
  1.800000000000000E-002  0.00000000000000e+00
  1.900000000000000E-002  0.00000000000000e+00
  2.000000000000000E-002  0.00000000000000e+00
  2.100000000000000E-002  0.00000000000000e+00
  2.200000000000000E-002  0.00000000000000e+00
  2.300000000000000E-002  0.00000000000000e+00
  2.400000000000000E-002  0.00000000000000e+00
  2.500000000000000E-002  0.00000000000000e+00
