 -2.500000000000000E-002  0.00000000000000e+00
 -2.400000000000000E-002  0.00000000000000e+00
 -2.300000000000000E-002  0.00000000000000e+00
 -2.200000000000000E-002  0.00000000000000e+00
 -2.100000000000000E-002  0.00000000000000e+00
 -2.000000000000000E-002  0.00000000000000e+00
 -1.900000000000000E-002  0.00000000000000e+00
 -1.800000000000000E-002  0.00000000000000e+00
 -1.700000000000000E-002  0.00000000000000e+00
 -1.600000000000000E-002  0.00000000000000e+00
 -1.500000000000000E-002  0.00000000000000e+00
 -1.400000000000000E-002  0.00000000000000e+00
 -1.300000000000000E-002  0.00000000000000e+00
 -1.200000000000000E-002  0.00000000000000e+00
 -1.100000000000000E-002  0.00000000000000e+00
 -1.000000000000000E-002  0.00000000000000e+00
 -9.000000000000001E-003  0.00000000000000e+00
 -8.000000000000000E-003  0.00000000000000e+00
 -6.999999999999999E-003  1.88111527220950e+00
 -6.000000000000002E-003  6.99647940858027e+00
 -5.000000000000001E-003  7.94261974606719e+00
 -4.000000000000000E-003  6.23854685667897e+00
 -3.000000000000003E-003  7.05446431877615e+00
 -2.000000000000002E-003  4.97064994451206e+00
 -1.000000000000001E-003  2.53977661905624e+00
  0.000000000000000E+000  1.46303125128645e+00
  1.000000000000001E-003  1.98896616628281e+00
  1.999999999999998E-003  8.05777192224243e-01
  2.999999999999999E-003  1.29545230454877e+00
  4.000000000000000E-003  1.33627329936869e+00
  4.999999999999998E-003  1.68392363446556e+00
  5.999999999999998E-003  4.44404598843320e+00
  6.999999999999999E-003  8.59004147196176e+00
  8.000000000000000E-003  5.58169652554814e+00
  9.000000000000001E-003  0.00000000000000e+00
  1.000000000000000E-002  0.00000000000000e+00
  1.100000000000000E-002  0.00000000000000e+00
  1.200000000000000E-002  0.00000000000000e+00
  1.300000000000000E-002  0.00000000000000e+00
  1.400000000000000E-002  0.00000000000000e+00
  1.500000000000000E-002  0.00000000000000e+00
  1.600000000000000E-002  0.00000000000000e+00
  1.700000000000000E-002  0.00000000000000e+00
  1.800000000000000E-002  0.00000000000000e+00
  1.900000000000000E-002  0.00000000000000e+00
  2.000000000000000E-002  0.00000000000000e+00
  2.100000000000000E-002  0.00000000000000e+00
  2.200000000000000E-002  0.00000000000000e+00
  2.300000000000000E-002  0.00000000000000e+00
  2.400000000000000E-002  0.00000000000000e+00
  2.500000000000000E-002  0.00000000000000e+00
