 -2.500000000000000E-002  0.00000000000000e+00
 -2.400000000000000E-002  0.00000000000000e+00
 -2.300000000000000E-002  0.00000000000000e+00
 -2.200000000000000E-002  0.00000000000000e+00
 -2.100000000000000E-002  0.00000000000000e+00
 -2.000000000000000E-002  0.00000000000000e+00
 -1.900000000000000E-002  0.00000000000000e+00
 -1.800000000000000E-002  0.00000000000000e+00
 -1.700000000000000E-002  0.00000000000000e+00
 -1.600000000000000E-002  3.34949636887852e-01
 -1.500000000000000E-002  7.75390462669091e-01
 -1.400000000000000E-002  1.57319594810787e+00
 -1.300000000000000E-002  3.35108175703413e-01
 -1.200000000000000E-002  7.66676930347427e-01
 -1.100000000000000E-002  1.30320080671657e+00
 -1.000000000000000E-002  3.73943628652212e+00
 -9.000000000000001E-003  3.52919235457364e+00
 -8.000000000000000E-003  2.85767286882736e+00
 -6.999999999999999E-003  4.39212757511735e+00
 -6.000000000000002E-003  4.38701000649001e+00
 -5.000000000000001E-003  6.97341220161243e+00
 -4.000000000000000E-003  6.84506028099916e+00
 -3.000000000000003E-003  8.63479110977446e+00
 -2.000000000000002E-003  8.10388312817338e+00
 -1.000000000000001E-003  7.13973871750587e+00
  0.000000000000000E+000  5.56551821043112e+00
  1.000000000000001E-003  2.39433287893803e+00
  1.999999999999998E-003  2.36413200978851e+00
  2.999999999999999E-003  3.88421010988794e+00
  4.000000000000000E-003  1.59794006667796e+00
  4.999999999999998E-003  1.57200600282380e+00
  5.999999999999998E-003  2.64806186907455e+00
  6.999999999999999E-003  1.11130534371799e+00
  8.000000000000000E-003  1.14636556233778e+00
  9.000000000000001E-003  1.76530685446079e+00
  1.000000000000000E-002  2.15728382543892e+00
  1.100000000000000E-002  2.04529950589933e+00
  1.200000000000000E-002  1.76641049233105e+00
  1.300000000000000E-002  3.04616311328407e+00
  1.400000000000000E-002  3.86076033905080e+00
  1.500000000000000E-002  1.87384950123574e+00
  1.600000000000000E-002  4.48603179501018e-01
  1.700000000000000E-002  1.34738980443700e-01
  1.800000000000000E-002  9.67278909324926e-01
  1.900000000000000E-002  4.37550182552068e-01
  2.000000000000000E-002  9.72663431037972e-01
  2.100000000000000E-002  6.70231417339270e-02
  2.200000000000000E-002  0.00000000000000e+00
  2.300000000000000E-002  0.00000000000000e+00
  2.400000000000000E-002  0.00000000000000e+00
  2.500000000000000E-002  0.00000000000000e+00 
